Webots Project File version R2023b
perspectives: 000000ff00000000fd000000020000000100000228000001c5fc0200000001fb0000001400540065007800740045006400690074006f00720100000016000001c50000008700ffffff0000000300000556000000d9fc0100000001fb0000001a0043006f006e0073006f006c00650041006c006c0041006c006c0100000000000005560000006900ffffff0000032c000001c500000001000000020000000100000008fc00000000
simulationViewPerspectives: 000000ff00000001000000020000016b000001bf0100000002010000000100
sceneTreePerspectives: 000000ff00000001000000030000001e000000c0000000fa0100000002010000000200
minimizedPerspectives: 000000ff00000000fd00000002000000010000018000000265fc0200000001fb0000001400540065007800740045006400690074006f00720100000016000002650000008700ffffff000000030000055600000039fc0100000001fb0000001a0043006f006e0073006f006c00650041006c006c0041006c006c0100000000000005560000006900ffffff000003d40000026500000001000000020000000100000008fc00000000
maximizedDockId: -1
centralWidgetVisible: 1
orthographicViewHeight: 1
textFiles: 2 "color identity" "controllers/red/red.c" "controllers/base/base.c"
consoles: Console:All:All
renderingDevicePerspectives: Khepera III:camera;1;1.82813;0;0
renderingDevicePerspectives: Khepera III:camera(2);1;1.73438;0.740493;0.00763359
